A[0.30303030303030304, 0.10822510822510822, 0.30735930735930733, 0.4069264069264069, 0.20454545454545456, 0.2318181818181818, 0.08181818181818182, 0.2]
C[0.1746031746031746, 0.164021164021164, 0.026455026455026454, 0.037037037037037035, 0.20634920634920634, 0.43386243386243384, 0.3544973544973545, 0.20634920634920634]
B[0.24120603015075376, 0.40703517587939697, 0.5728643216080402, 0.19597989949748743, 0.2751322751322751, 0.37037037037037035, 0.3386243386243386, 0.3915343915343915]
E[0.20634920634920634, 0.07936507936507936, 0.10582010582010581, 0.031746031746031744, 0.28651685393258425, 0.3202247191011236, 0.3258426966292135, 0.398876404494382]
D[0.2909090909090909, 0.4318181818181818, 0.42727272727272725, 0.25, 0.2619047619047619, 0.35714285714285715, 0.3619047619047619, 0.3952380952380952]
G[0.19545454545454546, 0.1409090909090909, 0.36818181818181817, 0.2318181818181818, 0.23636363636363636, 0.43636363636363634, 0.38181818181818183, 0.21363636363636362]
F[0.21428571428571427, 0.14285714285714285, 0.08928571428571429, 0.0, 0.3248407643312102, 0.28662420382165604, 0.2929936305732484, 0.42038216560509556]
I[0.35106382978723405, 0.07446808510638298, 0.06382978723404255, 0.2553191489361702, 0.25, 0.07142857142857142, 0.08333333333333333, 0.36904761904761907]
H[0.33766233766233766, 0.36796536796536794, 0.3939393939393939, 0.2554112554112554, 0.2636363636363636, 0.3409090909090909, 0.35, 0.3181818181818182]
K[0.29004329004329005, 0.0, 0.0, 0.5194805194805194, 0.3593073593073593, 0.5151515151515151, 0.44155844155844154, 0.38095238095238093]
J[0.4956521739130435, 0.1391304347826087, 0.13043478260869565, 0.391304347826087, 0.0, 0.0, 0.0, 0.11304347826086956]
M[0.3674911660777385, 0.27208480565371024, 0.4098939929328622, 0.19081272084805653, 0.31135531135531136, 0.36996336996337, 0.336996336996337, 0.4139194139194139]
L[0.005291005291005291, 0.0, 0.042328042328042326, 0.037037037037037035, 0.28651685393258425, 0.3202247191011236, 0.3258426966292135, 0.398876404494382]
O[0.20476190476190476, 0.3952380952380952, 0.4142857142857143, 0.17142857142857143, 0.18095238095238095, 0.41904761904761906, 0.38095238095238093, 0.19523809523809524]
N[0.22821576763485477, 0.1950207468879668, 0.4149377593360996, 0.34024896265560167, 0.13852813852813853, 0.19047619047619047, 0.2077922077922078, 0.6406926406926406]
Q[0.18021201413427562, 0.31095406360424027, 0.22968197879858657, 0.22614840989399293, 0.17037037037037037, 0.25555555555555554, 0.2962962962962963, 0.15555555555555556]
P[0.25595238095238093, 0.44642857142857145, 0.13095238095238096, 0.02976190476190476, 0.34394904458598724, 0.3057324840764331, 0.2929936305732484, 0.4394904458598726]
S[0.23129251700680273, 0.1360544217687075, 0.5578231292517006, 0.2653061224489796, 0.058823529411764705, 0.11029411764705882, 0.29411764705882354, 0.18382352941176472]
R[0.41818181818181815, 0.2772727272727273, 0.031818181818181815, 0.5454545454545454, 0.30952380952380953, 0.3761904761904762, 0.2904761904761905, 0.38095238095238093]
U[0.18181818181818182, 0.18614718614718614, 0.16883116883116883, 0.18181818181818182, 0.2597402597402597, 0.33766233766233766, 0.354978354978355, 0.2943722943722944]
T[0.42696629213483145, 0.12921348314606743, 0.016853932584269662, 0.1853932584269663, 0.34831460674157305, 0.056179775280898875, 0.12921348314606743, 0.550561797752809]
W[0.40789473684210525, 0.11842105263157894, 0.2532894736842105, 0.2598684210526316, 0.20723684210526316, 0.27960526315789475, 0.26973684210526316, 0.4967105263157895]
V[0.19913419913419914, 0.16883116883116883, 0.0735930735930736, 0.2077922077922078, 0.2857142857142857, 0.1341991341991342, 0.29004329004329005, 0.4069264069264069]
Y[0.2987012987012987, 0.1038961038961039, 0.03896103896103896, 0.2727272727272727, 0.2909090909090909, 0.05454545454545454, 0.2681818181818182, 0.5590909090909091]
X[0.38961038961038963, 0.017316017316017316, 0.12987012987012986, 0.5800865800865801, 0.3333333333333333, 0.04329004329004329, 0.03896103896103896, 0.6926406926406926]
Z[0.544973544973545, 0.31216931216931215, 0.06878306878306878, 0.0582010582010582, 0.5393258426966292, 0.1404494382022472, 0.06179775280898876, 0.20786516853932585]
a[0.44047619047619047, 0.34523809523809523, 0.36904761904761907, 0.5357142857142857, 0.2619047619047619, 0.5238095238095238, 0.39285714285714285, 0.27380952380952384]
c[0.35714285714285715, 0.2976190476190476, 0.11904761904761904, 0.2619047619047619, 0.42857142857142855, 0.5324675324675324, 0.35064935064935066, 0.19480519480519481]
b[0.0, 0.0, 0.42207792207792205, 0.09740259740259741, 0.19480519480519481, 0.2987012987012987, 0.33116883116883117, 0.18181818181818182]
e[0.39285714285714285, 0.5714285714285714, 0.11904761904761904, 0.2619047619047619, 0.4155844155844156, 0.4935064935064935, 0.44155844155844154, 0.2077922077922078]
d[0.2532467532467532, 0.2597402597402597, 0.2597402597402597, 0.22727272727272727, 0.09740259740259741, 0.35064935064935066, 0.0, 0.0]
g[0.32142857142857145, 0.34285714285714286, 0.19047619047619047, 0.30612244897959184, 0.2925170068027211, 0.23809523809523808, 0.3142857142857143, 0.17142857142857143]
f[0.20454545454545456, 0.16666666666666666, 0.0, 0.0, 0.30303030303030304, 0.1893939393939394, 0.1590909090909091, 0.1590909090909091]
i[0.18181818181818182, 0.045454545454545456, 0.045454545454545456, 0.16666666666666666, 0.22727272727272727, 0.09090909090909091, 0.07575757575757576, 0.21212121212121213]
h[0.0, 0.0, 0.2727272727272727, 0.21212121212121213, 0.21212121212121213, 0.2787878787878788, 0.3151515151515151, 0.21212121212121213]
k[0.0, 0.0, 0.024242424242424242, 0.16363636363636364, 0.44242424242424244, 0.3090909090909091, 0.3333333333333333, 0.16363636363636364]
j[0.13392857142857142, 0.15178571428571427, 0.25862068965517243, 0.12931034482758622, 0.0, 0.0, 0.0, 0.0]
m[0.5476190476190477, 0.2261904761904762, 0.48214285714285715, 0.25, 0.19875776397515527, 0.484472049689441, 0.3167701863354037, 0.6086956521739131]
l[0.16666666666666666, 0.045454545454545456, 0.045454545454545456, 0.16666666666666666, 0.22727272727272727, 0.09090909090909091, 0.19696969696969696, 0.19696969696969696]
o[0.336734693877551, 0.5102040816326531, 0.45918367346938777, 0.24489795918367346, 0.31868131868131866, 0.5384615384615384, 0.4175824175824176, 0.23076923076923078]
n[0.4666666666666667, 0.3619047619047619, 0.42857142857142855, 0.3333333333333333, 0.3673469387755102, 0.45918367346938777, 0.5204081632653061, 0.40816326530612246]
q[0.27692307692307694, 0.3, 0.3235294117647059, 0.22058823529411764, 0.23015873015873015, 0.3333333333333333, 0.25833333333333336, 0.15833333333333333]
p[0.35, 0.39285714285714285, 0.1836734693877551, 0.09523809523809523, 0.2925170068027211, 0.3333333333333333, 0.36428571428571427, 0.3]
s[0.2698412698412698, 0.19047619047619047, 0.6190476190476191, 0.4126984126984127, 0.09523809523809523, 0.1746031746031746, 0.31746031746031744, 0.20634920634920634]
r[0.4142857142857143, 0.21428571428571427, 0.0, 0.0, 0.42857142857142855, 0.35714285714285715, 0.45714285714285713, 0.45714285714285713]
u[0.4095238095238095, 0.38095238095238093, 0.4857142857142857, 0.4380952380952381, 0.41904761904761906, 0.41904761904761906, 0.3904761904761905, 0.4]
t[0.1111111111111111, 0.013888888888888888, 0.013157894736842105, 0.10526315789473684, 0.34210526315789475, 0.13157894736842105, 0.1111111111111111, 0.1388888888888889]
w[0.5454545454545454, 0.15584415584415584, 0.35714285714285715, 0.22727272727272727, 0.21428571428571427, 0.37662337662337664, 0.2922077922077922, 0.5324675324675324]
v[0.21904761904761905, 0.21904761904761905, 0.08571428571428572, 0.2761904761904762, 0.35714285714285715, 0.17346938775510204, 0.45918367346938777, 0.5612244897959183]
y[0.17333333333333334, 0.18, 0.050955414012738856, 0.1337579617834395, 0.19745222929936307, 0.050955414012738856, 0.34, 0.36]
x[0.4380952380952381, 0.009523809523809525, 0.1523809523809524, 0.6952380952380952, 0.3469387755102041, 0.19387755102040816, 0.23469387755102042, 0.8061224489795918]
z[0.7582417582417582, 0.3626373626373626, 0.12087912087912088, 0.10989010989010989, 0.6428571428571429, 0.2857142857142857, 0.11904761904761904, 0.2976190476190476]
